4 0.155469 0.606250 0.073438 0.103125
4 0.225781 0.604688 0.076563 0.118750
4 0.129688 0.678125 0.071875 0.087500
4 0.182812 0.717187 0.075000 0.112500
4 0.123438 0.517188 0.056250 0.078125
4 0.113281 0.599219 0.039062 0.073438
4 0.105469 0.708594 0.048438 0.048438
4 0.285938 0.420312 0.084375 0.109375
4 0.377344 0.424219 0.104688 0.123438
4 0.385156 0.504687 0.070312 0.075000
4 0.452344 0.470313 0.064062 0.068750
4 0.428906 0.528125 0.048438 0.059375
4 0.586719 0.575000 0.048438 0.046875
4 0.632031 0.389062 0.042188 0.046875
4 0.595313 0.269531 0.037500 0.042188
4 0.625781 0.270313 0.039062 0.053125
4 0.668750 0.473438 0.040625 0.050000
4 0.660937 0.435937 0.037500 0.043750
4 0.571875 0.249219 0.031250 0.042188
4 0.676562 0.517969 0.037500 0.035937
