4 0.084375 0.537500 0.121875 0.118750
4 0.187500 0.487500 0.118750 0.150000
4 0.362500 0.533594 0.190625 0.214062
4 0.234375 0.610156 0.184375 0.204687
4 0.410156 0.676562 0.176563 0.090625
4 0.555469 0.401562 0.167187 0.215625
4 0.732031 0.407813 0.182812 0.200000
4 0.663281 0.550000 0.176563 0.181250
4 0.817969 0.511719 0.129688 0.142187
4 0.966406 0.279687 0.067187 0.125000
4 0.886719 0.613281 0.120313 0.129688
4 0.298438 0.452344 0.103125 0.104688
4 0.511719 0.548438 0.120313 0.156250
4 0.703125 0.267188 0.096875 0.100000
