3 0.571875 0.137500 0.240625 0.125000
3 0.425000 0.181250 0.228125 0.146875
3 0.284375 0.257031 0.281250 0.151562
3 0.228906 0.400781 0.251563 0.139063
3 0.130469 0.582812 0.173437 0.125000
3 0.314063 0.680469 0.206250 0.235937
3 0.375000 0.507031 0.187500 0.123438
3 0.563281 0.335156 0.195312 0.135937
3 0.737500 0.307031 0.193750 0.182812
3 0.802344 0.474219 0.214062 0.189062
3 0.864844 0.403125 0.135937 0.168750
3 0.186719 0.719531 0.217188 0.151562
3 0.407031 0.860938 0.264062 0.118750
3 0.599219 0.736719 0.179688 0.223438
3 0.761719 0.698438 0.164062 0.237500
3 0.449219 0.659375 0.120313 0.187500
3 0.616406 0.576562 0.223438 0.121875
3 0.403125 0.389062 0.168750 0.146875
